Before training

Model[[0.5       ]
 [0.43761623]
 [0.47692013]
 [0.45618367]
 [0.46023777]
 [0.37294567]
 [0.46470183]
 [0.41260928]]
Not Numpy[[0.5       ]
 [0.43761621]
 [0.47692013]
 [0.45618366]
 [0.46023776]
 [0.37294566]
 [0.46470183]
 [0.41260929]]
Numpy[[0.5       ]
 [0.43761621]
 [0.47692013]
 [0.45618366]
 [0.46023776]
 [0.37294566]
 [0.46470183]
 [0.41260929]]
After training

Model[[0.6914321 ]
 [0.7443149 ]
 [0.28450903]
 [0.5032186 ]
 [0.2748833 ]
 [0.25980875]
 [0.29069367]
 [0.45901343]]
Not Numpy[[0.69143213]
 [0.74431493]
 [0.28450901]
 [0.5032186 ]
 [0.27488328]
 [0.25980874]
 [0.29069367]
 [0.45901342]]
Numpy[[0.69143213]
 [0.74431493]
 [0.28450901]
 [0.5032186 ]
 [0.27488328]
 [0.25980874]
 [0.29069367]
 [0.45901342]]